Measuring:  artificial_train.csv
Measuring:  artificial_test.csv
---------------mean---------------
[3.0747127079929424, 2.1988559507945982, 2.2368269708059922, 4.8394786910577094, 2.5678202664018719, 1.8416561321302765, 2.4074290471349378, 2.1775619815565781, 2.3889281770391628, 2.4016301921434939, 4.3016621776630029, 6.1313599902966249, 4.9574489853913279, 4.7867183616500055, 4.5732158423849558, 3.7174866533553361, 4.2227479915419153, 5.9154789753452635, 4.6656649021754664, 4.3029802062262039, 4.6370964631512592, 4.3828230463171245, 4.4154444514153415, 4.42118940301504, 5.2661018176420118, 5.9833664612486288, 4.3211818525950285, 3.7849534907260738, 3.9424895109018685, 3.7141654663152637, 4.2911547153865524, 3.3219084872987246, 4.2702248402190257, 5.6770747880236874, 3.9614846335982206, 3.5531436262829055, 3.8551315223780294, 3.609331684058271, 4.397561671934878, 2.9139719723744553, 5.2247635570305828, 4.1801294638908022, 4.9673099112042021, 5.8633319442344938, 4.4042883047639778, 3.9962737644369577, 4.4629250288113509, 4.3379306395916659, 3.5790705991910072, 5.6797760363732799, 5.3633983110595453, 3.6259631958473038, 3.2470296670584702, 5.7128104715376766, 4.5640267549666103, 4.3689633607391141, 4.7212082904013659, 4.5113590117965838, 3.5870487327124856]
---------------variance---------------
[0.025263874584894059, 0.02526655049491423, 0.025333983914348612, 0.025279742753006186, 0.025276020070917071, 0.025284972231840969, 0.025274554994193704, 0.025274846107891491, 0.025273732560529626, 0.025292560454391093, 0.025316683826839687, 0.025260919330075654, 0.025258506593882839, 0.02525707873183821, 0.025256698228817227, 0.025262425130664429, 0.025282954191155792, 0.025260092869980794, 0.025257616626371937, 0.02525897988152025, 0.025253863701447127, 0.025254613153070406, 0.025259063027319385, 0.02527282088363535, 0.025285854237858101, 0.02525581565448513, 0.025256692823262279, 0.025260474515487196, 0.025259959839747444, 0.025255523369594902, 0.025260563859384477, 0.02527095891733484, 0.025290023810262258, 0.025259395811294098, 0.025259389996384229, 0.025263617288223204, 0.025264674845480083, 0.025261547477237106, 0.025263920458343452, 0.02528205644108188, 0.025296546363082477, 0.025272848712374917, 0.025287234595856588, 0.025256715186902312, 0.025255439192158786, 0.025260199005047269, 0.025255650156590682, 0.025255102077863485, 0.025270662259099054, 0.02527992473465776, 0.025268011128207018, 0.025261583735869241, 0.025265796411918305, 0.0252603833786204, 0.025259937331440885, 0.025257570448338838, 0.025255849889015809, 0.025260537461570941, 0.025267232717001049]
---------------real---------------
[3, 3, 3, 3, 3, 3, 3, 3, 3, 3, 3, 3, 3, 3, 3, 3, 3, 3, 3, 3, 3, 3, 3, 3, 3, 3, 3, 3, 3, 3, 3, 3, 3, 3, 3, 3, 3, 3, 3, 3, 3, 3, 3, 3, 3, 3, 3, 3, 3, 3, 3, 3, 3, 3, 3, 3, 3, 3, 3]
Measuring:  small_train_posterior.csv
Measuring:  small_test_posterior.csv
---------------mean---------------
[1.7386032,  3.04528358, 1.19207152, 1.16247159, 0.78778152, 1.2493199, 1.07681505, 0.94472917, 1.12217352, 1.79633294, 1.15936324, 1.2966164, 1.84016121, 1.025569,   1.51517866, 1.586877,   1.520822,   1.38770209, 1.04772126, 1.45267283, 1.29212168, 1.88420013, 1.22010805, 1.38371033, 1.41929718, 0.64051283, 1.13685954, 0.76628929, 1.51276761, 1.37153169, 1.25288848, 0.90861101, 1.80096019, 4.508468,   1.25303483, 1.55029906, 1.37427258, 1.30509502, 1.75180771, 1.23468699, 1.24077889, 1.25760581, 0.93876762, 3.19821448, 2.7336407,  1.37776752, 0.9656371,  1.65046141, 1.23386004, 1.93552557, 1.46097676, 1.10920479, 1.44756318, 1.06555216, 1.38368541, 1.47135148, 1.26587456, 0.88840796, 1.71198842, 1.07735205, 1.84237839]
---------------variance---------------
[0.43940383, 0.46005652, 0.44185623, 0.38776075, 0.40883391, 0.51611464, 0.41018672, 0.79439435, 0.52412068, 0.43141108, 0.50465556, 0.510078, 0.42536438, 0.45179246, 0.59331199, 0.41712449, 0.52865726, 0.59421422, 0.43505841, 0.42258869, 0.56007234, 0.45347701, 0.42167331, 0.44948775, 0.33759417, 0.54736051, 0.44103846, 0.43713642, 0.34472422, 0.41891696, 0.44453803, 0.48888757, 0.45624659, 0.54306316, 0.41723957, 0.47088831, 0.40078212, 0.41008503, 0.3755601,  0.46832661, 0.43042204, 0.41968093, 0.44117996, 0.48634519, 0.42779143, 0.4228056,  0.64838074, 0.40879889, 0.44576207, 0.44005244, 0.54177648, 0.4568358,  0.35639873, 0.40067801, 0.41185153, 0.49164384, 0.47493642, 0.49295765, 0.65641556, 0.40495116, 0.63500368]
---------------real---------------
[2, 3, 1, 1, 1, 1, 1, 1, 1, 1, 1, 1, 2, 2, 1, 2, 2, 2, 1, 1, 1, 1, 3, 2, 2, 1, 2, 1, 2, 2, 2, 2, 2, 6, 2, 1, 1, 1, 1, 2, 1, 1, 1, 5, 3, 2, 2, 1, 1, 1, 2, 1, 1, 2, 1, 1, 1, 1, 1, 1, 2]
Measuring:  small_train.csv
Measuring:  small_test.csv
---------------mean---------------
[1.4386032,  1.04528358, 1.19207152, 1.36247159, 1.48778152, 1.2493199, 1.67681505, 0.64472917, 1.52217352, 1.59633294, 1.15936324, 1.2966164, 1.34016121, 1.025569,   1.51517866, 1.586877,   1.520822,   1.38770209, 1.94772126, 1.45267283, 1.29212168, 1.88420013, 1.22010805, 1.38371033, 1.41929718, 1.44051283, 1.13685954, 1.06628929, 1.51276761, 1.37153169, 1.25288848, 0.80861101, 1.80096019, 0.508468,   1.25303483, 1.55029906, 1.37427258, 1.30509502, 1.75180771, 1.23468699, 1.24077889, 1.25760581, 0.93876762, 1.19821448, 0.7336407,  1.37776752, 0.6656371,  1.65046141, 1.23386004, 1.93552557, 1.46097676, 1.10920479, 1.44756318, 1.06555216, 1.38368541, 1.47135148, 1.26587456, 1.58840796, 1.71198842, 1.07735205, 1.44237839]
---------------variance---------------
[0.43940383, 0.46005652, 0.44185623, 0.38776075, 0.40883391, 0.51611464, 0.41018672, 0.79439435, 0.52412068, 0.43141108, 0.50465556, 0.510078, 0.42536438, 0.45179246, 0.59331199, 0.41712449, 0.52865726, 0.59421422, 0.43505841, 0.42258869, 0.56007234, 0.45347701, 0.42167331, 0.44948775, 0.33759417, 0.54736051, 0.44103846, 0.43713642, 0.34472422, 0.41891696, 0.44453803, 0.48888757, 0.45624659, 0.54306316, 0.41723957, 0.47088831, 0.40078212, 0.41008503, 0.3755601,  0.46832661, 0.43042204, 0.41968093, 0.44117996, 0.48634519, 0.42779143, 0.4228056,  0.64838074, 0.40879889, 0.44576207, 0.44005244, 0.54177648, 0.4568358,  0.35639873, 0.40067801, 0.41185153, 0.49164384, 0.47493642, 0.49295765, 0.65641556, 0.40495116, 0.63500368]
---------------real---------------
[2, 3, 1, 1, 1, 1, 1, 1, 1, 1, 1, 1, 2, 2, 1, 2, 2, 2, 1, 1, 1, 1, 3, 2, 2, 1, 2, 1, 2, 2, 2, 2, 2, 6, 2, 1, 1, 1, 1, 2, 1, 1, 1, 5, 3, 2, 2, 1, 1, 1, 2, 1, 1, 2, 1, 1, 1, 1, 1, 1, 2]
